t 250 0 0 0.5 0.5 250 250 0 0.5 0.7 250 500 0 0.6 0.1
t 0 250 0 0.5 0.5 250 250 0 0.5 0.7 500 250 0 0.6 0.1
t 0 0 0 0.5 0.5 250 250 0 0.5 0.7 500 500 0 0.6 0.1
t 0 0 0 0.0 0.0 500 250 0 1.0 0.0 0 500 0 0.0 1.0
t 0 0 0 0.1 0.1 500 250 0 0.4 0.8 0 500 0 0.9 0.1
t 1 1 0 0.1 0.1 450 100 0 0.9 0.1 200 1 0 0.1 0.1 
t 1 1 1 0.1 0.1 200 400 0 0.4 0.8 450 10 0 0.9 0.1
t 1 1 1 0.1 0.1 450 10 0 0.9 0.1 200 400 0 0.4 0.8 
t 450 10 1 0.1 0.1 1 1 0 0.9 0.1 200 400 0 0.4 0.8
t 0 500 0 0.1 0.1 150 250 0 0.4 0.8 0 0 0 0.9 0.1
t 500 500 0 0.1 0.1 150 250 0 0.4 0.8 500 0 0 0.9 0.1
t 0 0 0 0.1 0.1 500 250 0 0.4 0.8 0 500 0 0.9 0.1
t 0 0 0 0.1 0.1 499 0 0 0.9 0.9 0 499 0 0.1 0.9
